hairback|hairback.png|6|0|0|400|400|-1|1|0|1|15|1|1|1|1|5|0|1|1|
backhat|backhat.jpeg|0|0|0|400|400|0|1|0|1|15|1|1|1|1|5|0|1|1|
body|body.jpeg|0|0|0|400|400|1|1|0|1|15|1|1|1|1|5|0|1|1|
head|head.png|0|0|0|400|400|2|1|0|1|15|1|1|1|1|5|0|1|1|
eyes|eyes.jpeg|3|0|0|400|400|3|1|0|1|15|1|1|1|1|5|0|1|1|
eyesclose|eyesclose.png|4|0|0|400|400|3|1|0|1|15|1|1|1|1|5|0|1|1|
lips|lips.png|2|0|0|400|400|4|1|0|1|15|1|1|1|1|5|0|1|1|
lipsopen|lipsopen.png|1|0|0|400|400|4|1|0|1|15|1|1|1|1|5|0|1|1|
hairfront|hairfront.png|5|0|0|400|400|5|1|0|1|15|1|1|1|1|5|0|1|1|
glass|glass.png|0|0|0|400|400|6|1|0|1|15|1|1|1|1|5|0|1|1|
hat|hat.png|0|0|3|400|400|7|1|0|1|15|1|1|1|1|5|0|1|1|
